((("time" .
   [1 0 0 0])
  ("noreno" .
   [2 0 0 0 0 0])
  ("rand" .
   [1 0 0 0])
  ("for" .
   [0 0 1])
  ("val" .
   [4 0 0])
  ("lazy-set-key" .
   [0 0 0 1 0 0 0 0 0 0 0 0])
  ("global-set-key" .
   [0 0 0 0 0 0 0 0 0 0 1 0 0 0])
  ("sr-speedbar" .
   [0 0 1 0 0 0 0 0 0 0 0])
  ("kbd" .
   [1 0 0])
  ("speedbar-frame-mode" .
   [0 0 0 0 0 1 0 1 0 0 0 0 0 0 0 0 0 0 0])
  ("define-key" .
   [0 0 0 0 0 1 0 0 0 0])
  (":propertize" .
   [0 0 0 0 0 0 0 1 0 0 0])
  ("init-eaf" .
   [1 0 0 0 0 0 0 0])
  ("require" .
   [3 0 0 0 1 0 0])
  ("name_len" .
   [0 0 0 0 1 0 0 0])
  ("N" .
   [1])
  ("E" .
   [1])
  ("D" .
   [1])
  ("scanf" .
   [0 0 2 0 0])
  ("s" .
   [7])
  ("a" .
   [1])
  ("h" .
   [4])
  ("stdio" .
   [5 0 0 0 0])
  ("else" .
   [0 0 1 1])
  ("x" .
   [15])
  ("d" .
   [2])
  ("(const char *restrict __format)" .
   [0 0 0 0 0 0 0 0 0 0 0 0 0 0 0 0 0 0 0 0 0 0 0 0 0 0 0 0 0 0 3])
  ("c" .
   [6])
  ("(unsigned long x)" .
   [0 0 0 0 0 0 0 0 0 0 0 0 0 0 0 0 1])
  ("sleep" .
   [0 0 1 0 0])
  ("stdout" .
   [0 0 1 1 0 0])
  ("i" .
   [11])
  ("void" .
   [0 1 0 1])
  ("CLOCKS_PER_SEC" .
   [0 1 0 1 0 0 0 0 0 0 0 0 0 0])
  ("c1" .
   [1 0])
  ("return" .
   [0 0 8 2 2 0])
  ("c2" .
   [1 2])
  ("()" .
   [0 7])
  ("clock" .
   [0 0 1 2 1])
  ("clock_t" .
   [0 0 0 2 1 1 0])
  ("printf" .
   [1 3 9 6 1 0])
  ("int" .
   [0 0 7])
  ("main" .
   [7 1 2 1])
  ("nil" .
   [2 0 0])
  ("erase-buffer" .
   [0 0 0 0 0 1 0 0 0 0 0 0])
  ("k" .
   [3])
  ("include" .
   [0 0 0 1 2 0 0])
  ("initscr" .
   [0 0 0 0 0 1 0])
  ("endwin" .
   [0 0 0 0 1 0])
  ("getputch" .
   [0 0 0 0 1 0 0 0])
  ("init_getputch" .
   [0 0 0 0 0 1 0 0 1 0 0 0 0])
  ("term_getputch" .
   [0 0 0 1 1 0 0 0 0 0 0 0 0])
  ("const" .
   [1 1 2 1 0])
  ("X" .
   [4])
  ("hi" .
   [2 0])
  ("P" .
   [3])
  ("extern" .
   [0 0 0 0 1 0])
  ("fflush" .
   [0 0 1 0 0 0])
  ("(FILE *__stream)" .
   [0 0 0 0 0 0 0 0 0 0 0 0 0 0 0 1])
  ("S" .
   [3])
  ("stop" .
   [5 0 0 0])
  ("p" .
   [4])
  ("(const char *restrict __format" .
   [0 0 0 0 0 0 0 0 0 0 0 0 0 0 0 0 0 0 0 0 0 0 0 0 0 0 0 0 0 3])
  ("tabbar" .
   [0 0 0 1 0 0])
  ("tabbar-forward-tab" .
   [0 0 0 0 0 0 0 0 1 0 0 0 0 0 0 0 0 0])
  ("b" .
   [2])
  ("provide" .
   [0 0 0 0 1 0 0])
  ("init-proxy.el" .
   [0 0 0 0 0 0 1 0 0 0 0 0 0])
  ("setq" .
   [2 0 0 0])
  ("eaf-grip-token" .
   [0 0 0 0 0 0 0 0 1 0 0 0 0 0])
  ("init-speedbar" .
   [0 0 0 0 0 0 0 1 0 0 0 0 0])
  ("speedbar-mode" .
   [0 0 0 0 0 0 0 0 0 1 0 0 0])
  ("insert" .
   [1 0 0 0 0 0])
  ("sum" .
   [1 0 0])
  ("plus" .
   [1 0 0 0])
  ("miao" .
   [1 0 0 0])))
